-3.7030000000004293
-3.7030000000004293
-0.011999999999716238
-0.011999999999716238
1.5910000000003492
1.5910000000003492
-1.4420000000000073
-1.4420000000000073
2.25
2.25
-1.0690000000004147
-1.0690000000004147
1.3919999999998254
1.3919999999998254
1.1059999999997672
1.1059999999997672
4.225999999999658
4.225999999999658
4.225999999999658
4.225999999999658
6.972999999999956
6.972999999999956
6.402000000000044
6.402000000000044
5.457000000000335
5.457000000000335
10.666000000000167
10.666000000000167
10.094000000000051
10.094000000000051
11.03899999999976
11.03899999999976
15.018000000000029
15.018000000000029
15.018000000000029
15.018000000000029
17.479999999999563
17.479999999999563
22.118999999999687
22.118999999999687
22.404999999999745
22.404999999999745
27.045000000000073
27.045000000000073
28.277000000000044
28.277000000000044
29.79399999999987
29.79399999999987
34.4350000000004
34.4350000000004
38.13100000000031
38.13100000000031
39.64800000000014
39.64800000000014
43.34400000000005
43.34400000000005
47.04100000000017
47.04100000000017
49.220000000000255
49.220000000000255
50.738000000000284
50.738000000000284
51.970000000000255
51.970000000000255
51.6850000000004
51.6850000000004
54.4350000000004
54.4350000000004
59.365999999999985
59.365999999999985
59.365999999999985
59.365999999999985
59.652000000000044
59.652000000000044
67.33399999999983
67.33399999999983
71.69499999999971
71.69499999999971
74.16100000000006
74.16100000000006
76.6279999999997
76.6279999999997
79.75600000000031
79.75600000000031
88.67799999999988
88.67799999999988
94.5609999999997
94.5609999999997
93.89900000000034
93.89900000000034
96.36700000000019
96.36700000000019
98.54899999999998
98.54899999999998
100.06900000000041
100.06900000000041
102.53799999999956
102.53799999999956
102.91499999999996
102.91499999999996
106.90399999999954
106.90399999999954
110.60699999999997
110.60699999999997
116.20899999999983
116.20899999999983
120.48599999999988
120.48599999999988
127.89599999999973
127.89599999999973
132.83799999999974
132.83799999999974
135.3090000000002
135.3090000000002
139.6800000000003
139.6800000000003
142.15099999999984
142.15099999999984
147.3800000000001
147.3800000000001
150.13799999999992
150.13799999999992
154.79699999999957
154.79699999999957
160.97900000000027
160.97900000000027
160.6930000000002
160.6930000000002
168.11300000000028
168.11300000000028
172.39499999999953
172.39499999999953
179.2449999999999
179.2449999999999
181.72000000000025
181.72000000000025
187.90700000000015
187.90700000000015
192.1899999999996
192.1899999999996
197.808
197.808
201.52199999999993
201.52199999999993
208.94999999999982
208.94999999999982
210.1890000000003
210.1890000000003
216.3810000000003
216.3810000000003
220.76400000000012
220.76400000000012
226.0050000000001
226.0050000000001
230.67500000000018
230.67500000000018
241.15999999999985
241.15999999999985
240.58899999999994
240.58899999999994
248.3119999999999
248.3119999999999
249.83799999999974
249.83799999999974
253.27199999999993
253.27199999999993
260.71199999999953
260.71199999999953
262.90700000000015
262.90700000000015
272.16100000000006
272.16100000000006
272.8299999999999
272.8299999999999
279.9899999999998
279.9899999999998
282.7569999999996
282.7569999999996
287.14999999999964
287.14999999999964
288.10599999999977
288.10599999999977
291.8299999999999
291.8299999999999
298.9939999999997
298.9939999999997
302.0479999999998
302.0479999999998
304.817
304.817
312.26900000000023
312.26900000000023
312.5550000000003
312.5550000000003
315.71000000000004
315.71000000000004
320.1090000000004
320.1090000000004
326.3209999999999
326.3209999999999
328.8069999999998
328.8069999999998
332.8209999999999
332.8209999999999
336.5500000000002
336.5500000000002
343.72299999999996
343.72299999999996
347.35199999999986
347.35199999999986
346.21000000000004
346.21000000000004
353.6710000000003
353.6710000000003
359.8900000000003
359.8900000000003
364.47900000000027
364.47900000000027
366.39599999999973
366.39599999999973
373.29100000000017
373.29100000000017
377.8810000000003
377.8810000000003
375.77999999999975
375.77999999999975
382.96199999999953
382.96199999999953
389.7579999999998
389.7579999999998
392.92199999999957
392.92199999999957
397.90300000000025
397.90300000000025
401.6400000000003
401.6400000000003
406.6220000000003
406.6220000000003
409.5029999999997
409.5029999999997
412.5659999999998
412.5659999999998
419.08100000000013
419.08100000000013
422.53499999999985
422.53499999999985
427.5199999999995
427.5199999999995
430.0129999999999
430.0129999999999
435.0
435.0
435.5709999999999
435.5709999999999
440.9489999999996
440.9489999999996
446.22299999999996
446.22299999999996
448.71699999999964
448.71699999999964
452.174
452.174
454.9539999999997
454.9539999999997
459.3739999999998
459.3739999999998
464.3649999999998
464.3649999999998
467.4309999999996
467.4309999999996
468.1090000000004
468.1090000000004
474.9200000000001
474.9200000000001
478.3789999999999
478.3789999999999
481.16200000000026
481.16200000000026
484.0510000000004
484.0510000000004
489.0460000000003
489.0460000000003
494.6120000000001
494.6120000000001
496.53999999999996
496.53999999999996
497.78899999999976
497.78899999999976
504.03499999999985
504.03499999999985
504.3209999999999
504.3209999999999
510.28300000000036
510.28300000000036
513.067
513.067
517.781
517.781
519.031
519.031
521.531
521.531
526.5320000000002
526.5320000000002
528.067
528.067
534.0339999999997
534.0339999999997
535.2839999999997
535.2839999999997
539.0360000000001
539.0360000000001
541.5370000000003
541.5370000000003
548.0770000000002
548.0770000000002
551.2600000000002
551.2600000000002
556.5500000000002
556.5500000000002
561.5559999999996
561.5559999999996
565.3109999999997
565.3109999999997
566.5619999999999
566.5619999999999
566.5619999999999
566.5619999999999
570.6030000000001
570.6030000000001
576.2920000000004
576.2920000000004
576.5770000000002
576.5770000000002
581.8710000000001
581.8710000000001
583.5199999999995
583.5199999999995
590.3530000000001
590.3530000000001
591.3209999999999
591.3209999999999
597.8699999999999
597.8699999999999
597.0140000000001
597.0140000000001
601.058
601.058
602.3109999999997
602.3109999999997
606.0709999999999
606.0709999999999
608.2920000000004
608.2920000000004
613.5910000000003
613.5910000000003
615.415
615.415
619.8590000000004
619.8590000000004
621.3980000000001
621.3980000000001
623.335
623.335
626.1279999999997
626.1279999999997
632.1139999999996
632.1139999999996
632.1139999999996
632.1139999999996
638.3850000000002
638.3850000000002
637.4160000000002
637.4160000000002
643.4030000000002
643.4030000000002
646.1980000000003
646.1980000000003
646.8819999999996
646.8819999999996
652.4719999999998
652.4719999999998
655.9520000000002
655.9520000000002
658.4619999999995
658.4619999999995
655.6670000000004
655.6670000000004
665.9939999999997
665.9939999999997
663.7690000000002
663.7690000000002
668.7910000000002
668.7910000000002
670.0460000000003
670.0460000000003
674.4989999999998
674.4989999999998
677.2960000000003
677.2960000000003
679.5219999999999
679.5219999999999
683.576
683.576
685.8029999999999
685.8029999999999
685.8029999999999
685.8029999999999
688.3159999999998
688.3159999999998
693.0559999999996
693.0559999999996
698.3680000000004
698.3680000000004
695.2839999999997
695.2839999999997
700.8810000000003
700.8810000000003
703.6800000000003
703.6800000000003
705.9089999999997
705.9089999999997
710.9369999999999
710.9369999999999
708.9930000000004
708.9930000000004
715.6809999999996
715.6809999999996
718.1959999999999
718.1959999999999
721.281
721.281
722.5389999999998
722.5389999999998
726.027
726.027
724.7690000000002
724.7690000000002
728.5429999999997
728.5429999999997
732.3159999999998
732.3159999999998
735.8050000000003
735.8050000000003
733.5739999999996
733.5739999999996
724.1989999999996
724.1989999999996
725.4570000000003
725.4570000000003
717.2240000000002
717.2240000000002
711.6239999999998
711.6239999999998
709.3949999999995
709.3949999999995
716.9390000000003
716.9390000000003
717.9110000000001
717.9110000000001
717.2240000000002
717.2240000000002
724.1989999999996
724.1989999999996
726.027
726.027
727.9719999999998
727.9719999999998
728.5429999999997
728.5429999999997
733.2889999999998
733.2889999999998
735.8050000000003
735.8050000000003
742.0969999999998
742.0969999999998
741.8119999999999
741.8119999999999
743.0699999999997
743.0699999999997
745.5869999999995
745.5869999999995
751.192
751.192
750.6220000000003
750.6220000000003
750.3369999999995
750.3369999999995
756.9160000000002
756.9160000000002
768.5330000000004
768.5330000000004
789.9489999999996
789.9489999999996
799.0569999999998
799.0569999999998
804.0990000000002
804.0990000000002
814.8770000000004
814.8770000000004
804.0990000000002
804.0990000000002
760.0039999999999
760.0039999999999
763.781
763.781
776.6599999999999
776.6599999999999
778.6099999999997
778.6099999999997
785.4790000000003
785.4790000000003
785.1940000000004
785.1940000000004
786.7389999999996
786.7389999999996
789.5439999999999
789.5439999999999
789.259
789.259
794.585
794.585
795.8450000000003
795.8450000000003
795.5600000000004
795.5600000000004
799.6270000000004
799.6270000000004
803.6930000000002
803.6930000000002
805.2389999999996
805.2389999999996
805.2389999999996
805.2389999999996
807.7600000000002
807.7600000000002
810.8519999999999
810.8519999999999
815.2049999999999
815.2049999999999
813.6589999999997
813.6589999999997
819.6790000000001
819.6790000000001
819.9639999999999
819.9639999999999
820.9409999999998
820.9409999999998
819.558
819.558
824.3180000000002
824.3180000000002
826.5559999999996
826.5559999999996
825.5799999999999
825.5799999999999
831.4799999999996
831.4799999999996
829.6490000000003
829.6490000000003
832.7420000000002
832.7420000000002
837.219
837.219
837.219
837.219
839.7430000000004
839.7430000000004
845.3609999999999
845.3609999999999
844.7910000000002
844.7910000000002
846.0529999999999
846.0529999999999
847.0299999999997
847.0299999999997
846.6229999999996
846.6229999999996
851.1019999999999
851.1019999999999
849.5550000000003
849.5550000000003
852.3649999999998
852.3649999999998
852.9340000000002
852.9340000000002
857.9840000000004
857.9840000000004
857.1300000000001
857.1300000000001
863.3199999999997
863.3199999999997
863.0349999999999
863.0349999999999
863.0349999999999
863.0349999999999
863.6049999999996
863.6049999999996
868.0869999999995
868.0869999999995
864.0129999999999
864.0129999999999
868.0869999999995
868.0869999999995
871.183
871.183
872.4459999999999
872.4459999999999
881.5739999999996
881.5739999999996
882.5519999999997
882.5519999999997
882.5519999999997
882.5519999999997
886.9129999999996
886.9129999999996
886.6279999999997
886.6279999999997
886.3429999999998
886.3429999999998
887.8919999999998
887.8919999999998
888.8699999999999
888.8699999999999
891.683
891.683
891.3980000000001
891.3980000000001
894.2110000000002
894.2110000000002
896.1689999999999
896.1689999999999
896.4539999999997
896.4539999999997
893.9260000000004
893.9260000000004
899.8369999999995
899.8369999999995
898.2879999999996
898.2879999999996
899.5519999999997
899.5519999999997
903.6289999999999
903.6289999999999
902.0799999999999
902.0799999999999
904.6090000000004
904.6090000000004
904.8940000000002
904.8940000000002
907.1369999999997
907.1369999999997
908.402
908.402
908.6869999999999
908.6869999999999
912.7650000000003
912.7650000000003
912.4799999999996
912.4799999999996
910.2359999999999
910.2359999999999
914.0299999999997
914.0299999999997
915.2950000000001
915.2950000000001
916.5590000000002
916.5590000000002
915.5789999999997
915.5789999999997
920.6390000000001
920.6390000000001
920.6390000000001
920.6390000000001
923.4529999999995
923.4529999999995
923.8639999999996
923.8639999999996
922.884
922.884
925.4139999999998
925.4139999999998
925.9830000000002
925.9830000000002
925.6989999999996
925.6989999999996
928.2290000000003
928.2290000000003
927.9440000000004
927.9440000000004
933.0050000000001
933.0050000000001
933.0050000000001
933.0050000000001
932.4350000000004
932.4350000000004
932.4350000000004
932.4350000000004
931.4549999999999
931.4549999999999
935.5360000000001
935.5360000000001
937.4970000000003
937.4970000000003
937.4970000000003
937.4970000000003
934.9660000000003
934.9660000000003
940.598
940.598
940.3130000000001
940.3130000000001
940.598
940.598
940.598
940.598
941.8639999999996
941.8639999999996
940.3130000000001
940.3130000000001
941.8639999999996
941.8639999999996
944.6800000000003
944.6800000000003
946.2309999999998
946.2309999999998
945.25
945.25
948.7629999999999
948.7629999999999
946.2309999999998
946.2309999999998
949.0479999999998
949.0479999999998
949.3320000000003
949.3320000000003
948.7629999999999
948.7629999999999
949.3320000000003
949.3320000000003
949.3320000000003
949.3320000000003
949.3320000000003
949.3320000000003
952.4340000000002
952.4340000000002
954.3969999999999
954.3969999999999
951.8639999999996
951.8639999999996
952.1490000000003
952.1490000000003
953.415
953.415
955.2510000000002
955.2510000000002
954.9660000000003
954.9660000000003
957.2139999999999
957.2139999999999
957.7839999999997
957.7839999999997
954.3969999999999
954.3969999999999
958.0680000000002
958.0680000000002
960.031
960.031
960.031
960.031
960.031
960.031
960.031
960.031
960.3159999999998
960.3159999999998
960.031
960.031
963.134
963.134
963.7029999999995
963.7029999999995
961.8670000000002
961.8670000000002
962.152
962.152
963.134
963.134
963.134
963.134
961.2979999999998
961.2979999999998
965.6670000000004
965.6670000000004
965.9520000000002
965.9520000000002
964.1149999999998
964.1149999999998
964.1149999999998
964.1149999999998
965.0969999999998
965.0969999999998
965.0969999999998
965.0969999999998
963.134
963.134
965.6670000000004
965.6670000000004
965.6670000000004
965.6670000000004
971.018
971.018
966.933
966.933
967.6300000000001
967.6300000000001
966.933
966.933
967.6300000000001
967.6300000000001
968.1999999999998
968.1999999999998
968.4849999999997
968.4849999999997
955.5360000000001
955.5360000000001
950.7569999999996
950.7569999999996
968.1999999999998
968.1999999999998
965.0969999999998
965.0969999999998
969.4660000000003
969.4660000000003
972.6970000000001
972.6970000000001
978.3339999999998
978.3339999999998
980.299
980.299
978.7470000000003
978.7470000000003
983.4030000000002
983.4030000000002
984.1000000000004
984.1000000000004
983.1180000000004
983.1180000000004
981.1530000000002
981.1530000000002
981.1530000000002
981.1530000000002
978.6189999999997
978.6189999999997
978.3339999999998
978.3339999999998
978.6189999999997
978.6189999999997
977.7650000000003
977.7650000000003
976.4979999999996
976.4979999999996
975.2309999999998
975.2309999999998
972.6970000000001
972.6970000000001
970.8609999999999
970.8609999999999
970.1629999999996
970.1629999999996
969.594
969.594
969.594
969.594
970.1629999999996
970.1629999999996
974.0910000000003
974.0910000000003
974.0910000000003
974.0910000000003
974.6610000000001
974.6610000000001
974.3760000000002
974.3760000000002
974.3760000000002
974.3760000000002
976.9099999999999
976.9099999999999
971.558
971.558
971.2730000000001
971.2730000000001
974.3760000000002
974.3760000000002
972.8239999999996
972.8239999999996
968.4539999999997
968.4539999999997
971.558
971.558
967.7569999999996
967.7569999999996
968.7389999999996
968.7389999999996
966.491
966.491
969.7209999999995
969.7209999999995
968.4539999999997
968.4539999999997
965.2240000000002
965.2240000000002
966.9030000000002
966.9030000000002
967.8850000000002
967.8850000000002
967.8850000000002
967.8850000000002
966.9030000000002
966.9030000000002
964.085
964.085
968.4539999999997
968.4539999999997
965.6359999999995
965.6359999999995
967.8850000000002
967.8850000000002
967.8850000000002
967.8850000000002
968.4539999999997
968.4539999999997
965.6359999999995
965.6359999999995
965.3509999999997
965.3509999999997
964.6539999999995
964.6539999999995
960.8549999999996
960.8549999999996
965.9210000000003
965.9210000000003
963.6729999999998
963.6729999999998
965.9210000000003
965.9210000000003
963.1030000000001
963.1030000000001
965.6359999999995
965.6359999999995
963.3879999999999
963.3879999999999
965.2240000000002
965.2240000000002
963.6729999999998
963.6729999999998
962.1210000000001
962.1210000000001
960.8549999999996
960.8549999999996
961.4250000000002
961.4250000000002
960.1580000000004
960.1580000000004
963.9579999999996
963.9579999999996
960.8549999999996
960.8549999999996
960.8549999999996
960.8549999999996
959.8729999999996
959.8729999999996
962.6909999999998
962.6909999999998
962.6909999999998
962.6909999999998
958.607
958.607
960.8549999999996
960.8549999999996
957.3410000000003
957.3410000000003
960.1580000000004
960.1580000000004
957.0559999999996
957.0559999999996
957.7520000000004
957.7520000000004
957.7520000000004
957.7520000000004
957.4679999999998
957.4679999999998
961.5519999999997
961.5519999999997
953.9539999999997
953.9539999999997
957.7520000000004
957.7520000000004
955.5050000000001
955.5050000000001
953.384
953.384
954.0810000000001
954.0810000000001
954.6499999999996
954.6499999999996
952.2449999999999
952.2449999999999
951.2629999999999
951.2629999999999
952.1180000000004
952.1180000000004
955.6319999999996
955.6319999999996
952.1180000000004
952.1180000000004
952.4030000000002
952.4030000000002
950.9780000000001
950.9780000000001
953.7960000000003
953.7960000000003
951.8329999999996
951.8329999999996
950.9780000000001
950.9780000000001
950.9780000000001
950.9780000000001
949.7119999999995
949.7119999999995
947.1800000000003
947.1800000000003
948.4459999999999
948.4459999999999
949.7119999999995
949.7119999999995
945.9139999999998
945.9139999999998
948.4459999999999
948.4459999999999
945.6289999999999
945.6289999999999
944.7749999999996
944.7749999999996
944.0789999999997
944.0789999999997
945.3450000000003
945.3450000000003
947.3069999999998
947.3069999999998
947.3069999999998
947.3069999999998
942.8130000000001
942.8130000000001
944.4899999999998
944.4899999999998
944.7749999999996
944.7749999999996
942.6549999999997
942.6549999999997
944.2049999999999
944.2049999999999
942.6549999999997
942.6549999999997
941.6729999999998
941.6729999999998
943.9200000000001
943.9200000000001
943.6359999999995
943.6359999999995
938.5720000000001
938.5720000000001
940.1229999999996
940.1229999999996
942.6549999999997
942.6549999999997
939.8379999999997
939.8379999999997
941.1040000000003
941.1040000000003
938.2870000000003
938.2870000000003
939.5529999999999
939.5529999999999
938.0029999999997
938.0029999999997
938.0029999999997
938.0029999999997
938.0029999999997
938.0029999999997
938.5720000000001
938.5720000000001
937.3059999999996
937.3059999999996
932.9399999999996
932.9399999999996
935.4709999999995
935.4709999999995
934.7749999999996
934.7749999999996
932.9399999999996
932.9399999999996
934.2049999999999
934.2049999999999
932.9399999999996
932.9399999999996
934.4899999999998
934.4899999999998
927.5929999999998
927.5929999999998
934.2049999999999
934.2049999999999
932.3699999999999
932.3699999999999
932.9399999999996
932.9399999999996
932.3699999999999
932.3699999999999
931.1049999999996
931.1049999999996
930.4089999999997
930.4089999999997
932.9399999999996
932.9399999999996
929.143
929.143
932.3699999999999
932.3699999999999
928.8580000000002
928.8580000000002
928.5739999999996
928.5739999999996
934.2049999999999
934.2049999999999
928.2889999999998
928.2889999999998
927.5929999999998
927.5929999999998
927.308
927.308
927.5929999999998
927.5929999999998
925.0619999999999
925.0619999999999
927.5929999999998
927.5929999999998
927.308
927.308
925.3469999999998
925.3469999999998
923.5119999999997
923.5119999999997
923.7969999999996
923.7969999999996
923.7969999999996
923.7969999999996
922.5320000000002
922.5320000000002
924.3670000000002
924.3670000000002
922.817
922.817
920.5709999999999
920.5709999999999
919.3059999999996
919.3059999999996
920.8559999999998
920.8559999999998
921.5510000000004
921.5510000000004
921.5510000000004
921.5510000000004
922.817
922.817
920.2860000000001
920.2860000000001
920.8559999999998
920.8559999999998
920.2860000000001
920.2860000000001
919.3059999999996
919.3059999999996
919.0209999999997
919.0209999999997
920.2860000000001
920.2860000000001
916.491
916.491
916.7759999999998
916.7759999999998
917.7560000000003
917.7560000000003
917.7560000000003
917.7560000000003
914.9409999999998
914.9409999999998
913.6760000000004
913.6760000000004
917.4709999999995
917.4709999999995
916.2060000000001
916.2060000000001
914.9409999999998
914.9409999999998
916.2060000000001
916.2060000000001
917.1859999999997
917.1859999999997
915.9219999999996
915.9219999999996
914.6570000000002
914.6570000000002
917.1859999999997
917.1859999999997
915.6369999999997
915.6369999999997
911.5569999999998
911.5569999999998
914.3720000000003
914.3720000000003
911.5569999999998
911.5569999999998
909.0280000000002
909.0280000000002
908.7430000000004
908.7430000000004
910.2920000000004
910.2920000000004
911.5569999999998
911.5569999999998
909.0280000000002
909.0280000000002
908.4579999999996
908.4579999999996
906.2129999999997
906.2129999999997
910.9880000000003
910.9880000000003
908.1729999999998
908.1729999999998
906.4979999999996
906.4979999999996
908.4579999999996
908.4579999999996
905.9290000000001
905.9290000000001
908.4579999999996
908.4579999999996
906.9080000000004
906.9080000000004
903.6840000000002
903.6840000000002
905.6440000000002
905.6440000000002
903.1149999999998
903.1149999999998
905.3590000000004
905.3590000000004
902.1350000000002
902.1350000000002
905.3590000000004
905.3590000000004
901.5649999999996
901.5649999999996
899.6059999999998
899.6059999999998
903.6840000000002
903.6840000000002
903.3990000000003
903.3990000000003
899.3209999999999
899.3209999999999
899.3209999999999
899.3209999999999
899.3209999999999
899.3209999999999
899.0360000000001
899.0360000000001
899.6059999999998
899.6059999999998
898.3419999999996
898.3419999999996
897.7719999999999
897.7719999999999
897.7719999999999
897.7719999999999
897.7719999999999
897.7719999999999
895.8130000000001
895.8130000000001
895.2430000000004
895.2430000000004
895.5280000000002
895.5280000000002
895.5280000000002
895.5280000000002
895.5280000000002
895.5280000000002
895.5280000000002
895.5280000000002
895.2430000000004
895.2430000000004
894.549
894.549
892.1449999999995
892.1449999999995
893.0
893.0
890.1869999999999
890.1869999999999
892.7150000000001
892.7150000000001
894.549
894.549
888.9229999999998
888.9229999999998
887.3739999999998
887.3739999999998
890.1869999999999
890.1869999999999
887.9440000000004
887.9440000000004
886.3949999999995
886.3949999999995
885.1310000000003
885.1310000000003
889.2079999999996
889.2079999999996
887.6589999999997
887.6589999999997
885.701
885.701
885.1310000000003
885.1310000000003
885.1310000000003
885.1310000000003
888.2280000000001
888.2280000000001
886.3949999999995
886.3949999999995
886.3949999999995
886.3949999999995
885.701
885.701
886.3949999999995
886.3949999999995
885.1310000000003
885.1310000000003
884.4369999999999
884.4369999999999
885.4160000000002
885.4160000000002
880.076
880.076
879.3819999999996
879.3819999999996
885.701
885.701
880.076
880.076
880.076
880.076
883.1729999999998
883.1729999999998
880.3609999999999
880.3609999999999
882.1940000000004
882.1940000000004
882.8879999999999
882.8879999999999
877.5479999999998
877.5479999999998
878.1180000000004
878.1180000000004
880.076
880.076
873.0640000000003
873.0640000000003
877.8329999999996
877.8329999999996
878.1180000000004
878.1180000000004
878.1180000000004
878.1180000000004
876.5699999999997
876.5699999999997
878.1180000000004
878.1180000000004
877.424
877.424
876.1610000000001
876.1610000000001
872.0860000000002
872.0860000000002
870.5379999999996
870.5379999999996
867.7259999999997
867.7259999999997
870.2529999999997
870.2529999999997
872.3710000000001
872.3710000000001
868.2960000000003
868.2960000000003
870.5379999999996
870.5379999999996
868.0109999999995
868.0109999999995
868.0109999999995
868.0109999999995
868.0109999999995
868.0109999999995
865.4849999999997
865.4849999999997
868.0109999999995
868.0109999999995
865.4849999999997
865.4849999999997
866.7479999999996
866.7479999999996
868.0109999999995
868.0109999999995
866.0540000000001
866.0540000000001
865.4849999999997
865.4849999999997
863.2439999999997
863.2439999999997
864.5069999999996
864.5069999999996
862.9589999999998
862.9589999999998
860.433
860.433
860.7179999999998
860.7179999999998
860.433
860.433
860.433
860.433
860.1480000000001
860.1480000000001
858.4769999999999
858.4769999999999
858.4769999999999
858.4769999999999
860.7179999999998
860.7179999999998
860.7179999999998
860.7179999999998
858.4769999999999
858.4769999999999
857.9070000000002
857.9070000000002
857.9070000000002
857.9070000000002
857.9070000000002
857.9070000000002
856.3590000000004
856.3590000000004
855.3810000000003
855.3810000000003
854.1189999999997
854.1189999999997
852.8559999999998
852.8559999999998
855.0969999999998
855.0969999999998
853.549
853.549
852.5709999999999
852.5709999999999
852.8559999999998
852.8559999999998
854.8119999999999
854.8119999999999
852.8559999999998
852.8559999999998
850.4539999999997
850.4539999999997
852.0010000000002
852.0010000000002
850.0460000000003
850.0460000000003
848.4989999999998
848.4989999999998
847.2359999999999
847.2359999999999
847.2359999999999
847.2359999999999
847.2359999999999
847.2359999999999
844.4269999999997
844.4269999999997
845.6890000000003
845.6890000000003
847.2359999999999
847.2359999999999
845.9740000000002
845.9740000000002
846.951
846.951
846.951
846.951
846.951
846.951
840.6400000000003
840.6400000000003
843.857
843.857
841.3320000000003
841.3320000000003
843.1639999999998
843.1639999999998
843.5720000000001
843.5720000000001
838.5230000000001
838.5230000000001
840.3549999999996
840.3549999999996
836.5690000000004
836.5690000000004
837.8310000000001
837.8310000000001
837.2609999999995
837.2609999999995
835.9989999999998
835.9989999999998
835.9989999999998
835.9989999999998
835.9989999999998
835.9989999999998
838.5230000000001
838.5230000000001
837.9529999999995
837.9529999999995
832.2129999999997
832.2129999999997
835.7139999999999
835.7139999999999
835.9989999999998
835.9989999999998
835.9989999999998
835.9989999999998
837.2609999999995
837.2609999999995
833.4750000000004
833.4750000000004
833.1899999999996
833.1899999999996
834.4520000000002
834.4520000000002
834.4520000000002
834.4520000000002
836.6909999999998
836.6909999999998
833.4750000000004
833.4750000000004
832.9049999999997
832.9049999999997
833.5969999999998
833.5969999999998
830.6660000000002
830.6660000000002
831.0730000000003
831.0730000000003
832.335
832.335
830.0959999999995
830.0959999999995
830.0959999999995
830.0959999999995
827.2879999999996
827.2879999999996
832.335
832.335
828.8339999999998
828.8339999999998
827.857
827.857
829.8109999999997
829.8109999999997
827.2879999999996
827.2879999999996
826.0259999999998
826.0259999999998
826.7179999999998
826.7179999999998
827.2879999999996
827.2879999999996
826.0259999999998
826.0259999999998
827.2879999999996
827.2879999999996
827.5730000000003
827.5730000000003
824.1949999999997
824.1949999999997
827.2879999999996
827.2879999999996
826.0259999999998
826.0259999999998
824.4790000000003
824.4790000000003
823.2179999999998
823.2179999999998
822.241
822.241
821.6710000000003
821.6710000000003
821.6710000000003
821.6710000000003
822.933
822.933
821.9560000000001
821.9560000000001
821.6710000000003
821.6710000000003
817.8869999999997
817.8869999999997
821.6710000000003
821.6710000000003
818.5779999999995
818.5779999999995
823.5029999999997
823.5029999999997
818.4560000000001
818.4560000000001
817.8869999999997
817.8869999999997
815.6490000000003
815.6490000000003
816.625
816.625
814.1030000000001
814.1030000000001
812.5559999999996
812.5559999999996
815.3639999999996
815.3639999999996
814.1030000000001
814.1030000000001
811.5799999999999
811.5799999999999
811.5799999999999
811.5799999999999
811.5799999999999
811.5799999999999
811.5799999999999
811.5799999999999
812.1499999999996
812.1499999999996
814.1030000000001
814.1030000000001
813.1260000000002
813.1260000000002
813.1260000000002
813.1260000000002
807.7969999999996
807.7969999999996
809.058
809.058
812.8410000000003
812.8410000000003
810.3190000000004
810.3190000000004
811.5799999999999
811.5799999999999
807.7969999999996
807.7969999999996
807.5119999999997
807.5119999999997
807.5119999999997
807.5119999999997
808.7730000000001
808.7730000000001
805.9660000000003
805.9660000000003
806.2510000000002
806.2510000000002
805.2749999999996
805.2749999999996
804.9899999999998
804.9899999999998
804.0140000000001
804.0140000000001
804.4200000000001
804.4200000000001
805.9660000000003
805.9660000000003
803.4440000000004
803.4440000000004
802.183
802.183
800.2309999999998
800.2309999999998
800.9219999999996
800.9219999999996
801.2070000000003
801.2070000000003
804.7049999999999
804.7049999999999
799.6610000000001
799.6610000000001
799.6610000000001
799.6610000000001
797.4250000000002
797.4250000000002
801.2070000000003
801.2070000000003
798.4009999999998
798.4009999999998
798.4009999999998
798.4009999999998
796.4489999999996
796.4489999999996
797.71
797.71
798.4009999999998
798.4009999999998
798.9700000000003
798.9700000000003
795.1880000000001
795.1880000000001
793.3580000000002
793.3580000000002
795.8789999999999
795.8789999999999
793.9279999999999
793.9279999999999
793.3580000000002
793.3580000000002
793.9279999999999
793.9279999999999
793.9279999999999
793.9279999999999
793.9279999999999
793.9279999999999
791.8130000000001
791.8130000000001
793.0730000000003
793.0730000000003
790.8369999999995
790.8369999999995
790.8369999999995
790.8369999999995
795.8789999999999
795.8789999999999
790.5519999999997
790.5519999999997
789.0069999999996
789.0069999999996
788.3159999999998
788.3159999999998
785.2259999999997
785.2259999999997
788.3159999999998
788.3159999999998
789.5770000000002
789.5770000000002
788.031
788.031
785.2259999999997
785.2259999999997
785.5109999999995
785.5109999999995
787.7460000000001
787.7460000000001
789.0069999999996
789.0069999999996
787.7460000000001
787.7460000000001
785.2259999999997
785.2259999999997
785.2259999999997
785.2259999999997
785.2259999999997
785.2259999999997
783.9660000000003
783.9660000000003
784.9409999999998
784.9409999999998
785.5109999999995
785.5109999999995
783.6809999999996
783.6809999999996
783.9660000000003
783.9660000000003
782.4210000000003
782.4210000000003
782.7049999999999
782.7049999999999
782.4210000000003
782.4210000000003
780.5910000000003
780.5910000000003
784.656
784.656
779.6149999999998
779.6149999999998
780.875
780.875
780.1850000000004
780.1850000000004
777.0950000000003
777.0950000000003
776.8100000000004
776.8100000000004
777.3800000000001
777.3800000000001
775.835
775.835
778.3549999999996
778.3549999999996
774.5749999999998
774.5749999999998
775.835
775.835
774.5749999999998
774.5749999999998
772.0559999999996
772.0559999999996
773.3159999999998
773.3159999999998
772.0559999999996
772.0559999999996
772.0559999999996
772.0559999999996
772.3410000000003
772.3410000000003
770.7960000000003
770.7960000000003
769.5360000000001
769.5360000000001
771.366
771.366
769.2510000000002
769.2510000000002
770.1059999999998
770.1059999999998
770.7960000000003
770.7960000000003
769.5360000000001
769.5360000000001
766.732
766.732
766.732
766.732
769.5360000000001
769.5360000000001
765.7579999999998
765.7579999999998
761.9790000000003
761.9790000000003
766.732
766.732
767.0169999999998
767.0169999999998
761.9790000000003
761.9790000000003
765.7579999999998
765.7579999999998
759.46
759.46
760.1499999999996
760.1499999999996
760.7200000000003
760.7200000000003
764.2129999999997
764.2129999999997
761.4089999999997
761.4089999999997
758.8909999999996
758.8909999999996
760.4350000000004
760.4350000000004
760.4350000000004
760.4350000000004
761.6940000000004
761.6940000000004
756.3720000000003
756.3720000000003
759.1750000000002
759.1750000000002
760.1499999999996
760.1499999999996
755.683
755.683
757.6310000000003
757.6310000000003
753.8540000000003
753.8540000000003
753.8540000000003
753.8540000000003
753.8540000000003
753.8540000000003
755.3980000000001
755.3980000000001
754.1390000000001
754.1390000000001
752.5950000000003
752.5950000000003
753.8540000000003
753.8540000000003
754.1390000000001
754.1390000000001
753.8540000000003
753.8540000000003
752.8789999999999
752.8789999999999
750.6459999999997
750.6459999999997
752.8789999999999
752.8789999999999
749.1019999999999
749.1019999999999
749.3869999999997
749.3869999999997
748.8180000000002
748.8180000000002
750.3609999999999
750.3609999999999
750.6459999999997
750.6459999999997
752.1899999999996
752.1899999999996
749.3869999999997
749.3869999999997
746.8699999999999
746.8699999999999
749.9570000000003
749.9570000000003
747.4399999999996
747.4399999999996
747.1549999999997
747.1549999999997
747.1549999999997
747.1549999999997
747.4399999999996
747.4399999999996
744.6369999999997
744.6369999999997
743.6629999999996
743.6629999999996
744.3519999999999
744.3519999999999
742.1199999999999
742.1199999999999
746.1809999999996
746.1809999999996
742.1199999999999
742.1199999999999
741.1459999999997
741.1459999999997
739.8869999999997
739.8869999999997
743.6629999999996
743.6629999999996
739.8869999999997
739.8869999999997
742.1199999999999
742.1199999999999
736.8010000000004
736.8010000000004
735.8270000000002
735.8270000000002
734.2839999999997
734.2839999999997
736.8010000000004
736.8010000000004
737.3699999999999
737.3699999999999
735.1390000000001
735.1390000000001
736.1120000000001
736.1120000000001
736.1120000000001
736.1120000000001
735.1390000000001
735.1390000000001
735.1390000000001
735.1390000000001
733.3100000000004
733.3100000000004
733.0249999999996
733.0249999999996
733.0249999999996
733.0249999999996
731.7669999999998
731.7669999999998
729.2510000000002
729.2510000000002
730.509
730.509
730.3909999999996
730.3909999999996
729.5360000000001
729.5360000000001
726.165
726.165
